685
272
113
362
834
512
724
375
594
89
184
801
271
135
589
785
155
160
544
485
512
186
660
118
934
775
283
851
620
462
162
714
305
603
647
736
898
950
22
263
911
989
841
969
348
653
914
553
91
761
640
572
941
742
718
676
325
439
628
54
823
211
194
627
113
878
440
962
950
232
100
635
361
255
201
584
781
938
949
342
209
873
703
846
535
215
676
999
264
709
320
273
231
23
419
413
17
480
974
802
890
360
280
755
253
984
657
423
742
32
420
624
127
856
698
272
845
890
577
548
824
297
280
30
937
584
693
748
502
582
66
693
623
186
499
390
574
167
676
58
268
741
963
451
906
211
594
1000
305
667
623
42
194
572
405
697
405
123
729
845
236
946
458
217
276
626
657
437
406
662
52
54
19
706
860
668
768
883
510
973
762
199
589
107
151
831
480
243
720
351
921
518
416
539
468
638
689
320
192
732
